Selected Mode: sklearn

Grid Search Parameter Grid:
{'n_estimators': [50, 100, 200], 'max_features': ['sqrt', 'log2', None], 'max_depth': [None, 10, 20, 30]}

Best Hyperparameters:
{'max_depth': None, 'max_features': 'sqrt', 'n_estimators': 200}

Training Accuracy: 100.00%
Training Confusion Matrix:
[[640   0   0   0   0   0   0   0   0   0   0   0   0   0   0   0   0   0
    0   0   0   0   0   0   0   0]
 [  0 613   0   0   0   0   0   0   0   0   0   0   0   0   0   0   0   0
    0   0   0   0   0   0   0   0]
 [  0   0 599   0   0   0   0   0   0   0   0   0   0   0   0   0   0   0
    0   0   0   0   0   0   0   0]
 [  0   0   0 649   0   0   0   0   0   0   0   0   0   0   0   0   0   0
    0   0   0   0   0   0   0   0]
 [  0   0   0   0 627   0   0   0   0   0   0   0   0   0   0   0   0   0
    0   0   0   0   0   0   0   0]
 [  0   0   0   0   0 635   0   0   0   0   0   0   0   0   0   0   0   0
    0   0   0   0   0   0   0   0]
 [  0   0   0   0   0   0 613   0   0   0   0   0   0   0   0   0   0   0
    0   0   0   0   0   0   0   0]
 [  0   0   0   0   0   0   0 590   0   0   0   0   0   0   0   0   0   0
    0   0   0   0   0   0   0   0]
 [  0   0   0   0   0   0   0   0 609   0   0   0   0   0   0   0   0   0
    0   0   0   0   0   0   0   0]
 [  0   0   0   0   0   0   0   0   0 598   0   0   0   0   0   0   0   0
    0   0   0   0   0   0   0   0]
 [  0   0   0   0   0   0   0   0   0   0 609   0   0   0   0   0   0   0
    0   0   0   0   0   0   0   0]
 [  0   0   0   0   0   0   0   0   0   0   0 606   0   0   0   0   0   0
    0   0   0   0   0   0   0   0]
 [  0   0   0   0   0   0   0   0   0   0   0   0 624   0   0   0   0   0
    0   0   0   0   0   0   0   0]
 [  0   0   0   0   0   0   0   0   0   0   0   0   0 632   0   0   0   0
    0   0   0   0   0   0   0   0]
 [  0   0   0   0   0   0   0   0   0   0   0   0   0   0 608   0   0   0
    0   0   0   0   0   0   0   0]
 [  0   0   0   0   0   0   0   0   0   0   0   0   0   0   0 630   0   0
    0   0   0   0   0   0   0   0]
 [  0   0   0   0   0   0   0   0   0   0   0   0   0   0   0   0 617   0
    0   0   0   0   0   0   0   0]
 [  0   0   0   0   0   0   0   0   0   0   0   0   0   0   0   0   0 598
    0   0   0   0   0   0   0   0]
 [  0   0   0   0   0   0   0   0   0   0   0   0   0   0   0   0   0   0
  577   0   0   0   0   0   0   0]
 [  0   0   0   0   0   0   0   0   0   0   0   0   0   0   0   0   0   0
    0 633   0   0   0   0   0   0]
 [  0   0   0   0   0   0   0   0   0   0   0   0   0   0   0   0   0   0
    0   0 630   0   0   0   0   0]
 [  0   0   0   0   0   0   0   0   0   0   0   0   0   0   0   0   0   0
    0   0   0 606   0   0   0   0]
 [  0   0   0   0   0   0   0   0   0   0   0   0   0   0   0   0   0   0
    0   0   0   0 604   0   0   0]
 [  0   0   0   0   0   0   0   0   0   0   0   0   0   0   0   0   0   0
    0   0   0   0   0 633   0   0]
 [  0   0   0   0   0   0   0   0   0   0   0   0   0   0   0   0   0   0
    0   0   0   0   0   0 618   0]
 [  0   0   0   0   0   0   0   0   0   0   0   0   0   0   0   0   0   0
    0   0   0   0   0   0   0 602]]

Test Accuracy: 96.25%
Test Confusion Matrix:
[[149   0   0   0   0   0   0   0   0   0   0   0   0   0   0   0   0   0
    0   0   0   0   0   0   0   0]
 [  0 149   0   0   0   1   1   0   0   0   0   0   0   0   0   0   0   1
    0   0   0   1   0   0   0   0]
 [  0   0 127   0   3   2   2   0   0   0   0   0   0   0   1   0   1   1
    0   0   0   0   0   0   0   0]
 [  0   0   0 152   0   0   0   1   0   0   0   0   0   2   0   1   0   0
    0   0   0   0   0   0   0   0]
 [  0   0   0   0 139   0   0   0   0   0   0   0   0   0   0   0   0   0
    0   0   0   0   0   0   0   2]
 [  0   2   0   0   1 135   0   0   0   0   0   0   0   0   0   1   0   0
    1   0   0   0   0   0   0   0]
 [  1   0   0   2   2   0 154   0   0   0   0   0   0   0   0   0   0   0
    0   0   0   1   0   0   0   0]
 [  0   4   0   2   0   0   1 128   0   0   3   0   0   0   1   1   0   3
    1   0   0   0   0   0   0   0]
 [  0   0   0   0   0   0   0   0 136   7   0   0   0   0   0   0   0   1
    1   0   0   0   0   1   0   0]
 [  0   0   0   0   1   1   0   0   2 144   1   0   0   0   0   0   0   0
    0   0   0   0   0   0   0   0]
 [  0   1   0   0   2   0   0   1   0   0 116   0   0   0   0   0   0   8
    0   0   0   0   0   2   0   0]
 [  0   0   0   0   1   0   0   0   0   0   0 151   0   0   0   0   2   0
    1   0   0   0   0   0   0   0]
 [  0   0   0   0   0   1   0   0   0   0   0   0 166   1   0   0   0   0
    0   0   0   0   0   0   0   0]
 [  1   0   0   4   0   0   0   0   0   0   0   0   3 139   1   0   0   2
    0   0   0   0   1   0   0   0]
 [  0   0   0   5   0   0   0   0   0   0   0   0   0   0 138   0   2   0
    0   0   0   0   0   0   0   0]
 [  0   1   0   0   1   5   0   0   0   0   0   1   0   0   0 165   0   0
    0   0   0   0   0   0   0   0]
 [  0   1   0   1   0   0   0   0   0   0   0   0   0   0   1   0 163   0
    0   0   0   0   0   0   0   0]
 [  0   4   0   0   0   0   0   1   0   0   2   0   0   0   0   0   0 153
    0   0   0   0   0   0   0   0]
 [  0   1   0   0   0   0   0   1   0   0   0   0   0   0   0   0   0   0
  169   0   0   0   0   0   0   0]
 [  0   0   1   1   0   0   0   0   0   0   0   0   0   0   0   0   0   0
    0 158   0   0   0   0   2   1]
 [  0   0   0   0   0   0   0   1   0   0   1   0   2   0   1   0   0   0
    0   0 178   0   0   0   0   0]
 [  1   2   0   0   0   1   0   0   0   0   0   0   0   0   0   1   1   0
    0   2   0 149   1   0   0   0]
 [  0   0   0   0   0   0   0   0   0   0   0   0   0   0   0   0   0   0
    0   0   0   0 148   0   0   0]
 [  0   1   0   0   2   0   0   0   0   0   1   0   0   0   0   0   0   0
    0   0   0   0   0 150   0   0]
 [  0   0   0   0   0   0   0   0   0   0   0   0   0   0   0   0   0   0
    0   1   0   0   0   0 167   0]
 [  0   2   0   0   1   0   0   0   0   0   0   0   0   0   0   0   0   2
    0   0   0   0   0   0   0 127]]

Classification Report (Training):
              precision    recall  f1-score   support

           A       1.00      1.00      1.00       640
           B       1.00      1.00      1.00       613
           C       1.00      1.00      1.00       599
           D       1.00      1.00      1.00       649
           E       1.00      1.00      1.00       627
           F       1.00      1.00      1.00       635
           G       1.00      1.00      1.00       613
           H       1.00      1.00      1.00       590
           I       1.00      1.00      1.00       609
           J       1.00      1.00      1.00       598
           K       1.00      1.00      1.00       609
           L       1.00      1.00      1.00       606
           M       1.00      1.00      1.00       624
           N       1.00      1.00      1.00       632
           O       1.00      1.00      1.00       608
           P       1.00      1.00      1.00       630
           Q       1.00      1.00      1.00       617
           R       1.00      1.00      1.00       598
           S       1.00      1.00      1.00       577
           T       1.00      1.00      1.00       633
           U       1.00      1.00      1.00       630
           V       1.00      1.00      1.00       606
           W       1.00      1.00      1.00       604
           X       1.00      1.00      1.00       633
           Y       1.00      1.00      1.00       618
           Z       1.00      1.00      1.00       602

    accuracy                           1.00     16000
   macro avg       1.00      1.00      1.00     16000
weighted avg       1.00      1.00      1.00     16000


Classification Report (Test):
              precision    recall  f1-score   support

           A       0.98      1.00      0.99       149
           B       0.89      0.97      0.93       153
           C       0.99      0.93      0.96       137
           D       0.91      0.97      0.94       156
           E       0.91      0.99      0.95       141
           F       0.92      0.96      0.94       140
           G       0.97      0.96      0.97       160
           H       0.96      0.89      0.92       144
           I       0.99      0.93      0.96       146
           J       0.95      0.97      0.96       149
           K       0.94      0.89      0.91       130
           L       0.99      0.97      0.98       155
           M       0.97      0.99      0.98       168
           N       0.98      0.92      0.95       151
           O       0.97      0.95      0.96       145
           P       0.98      0.95      0.96       173
           Q       0.96      0.98      0.97       166
           R       0.89      0.96      0.92       160
           S       0.98      0.99      0.98       171
           T       0.98      0.97      0.98       163
           U       1.00      0.97      0.99       183
           V       0.99      0.94      0.96       158
           W       0.99      1.00      0.99       148
           X       0.98      0.97      0.98       154
           Y       0.99      0.99      0.99       168
           Z       0.98      0.96      0.97       132

    accuracy                           0.96      4000
   macro avg       0.96      0.96      0.96      4000
weighted avg       0.96      0.96      0.96      4000

